1512941
1610085
1610087
1610088
1610089
1610090
1610091
1610092
1610093
1610094
1610096
1610097
1610098
1610099
1610104
1610105
1610106
1610108
1610110
1610111
1610112
1610113
1610114
1610115
1610116
1610117
1610118
1610121
1610122
1610124
1610126
1610128
1610129
1610130
1610131
1610132
1610135
1610136
1610137
1610140
1610142
1610144
1610145
1610146
1610148
1610150
1610151
1610152
1610153
1610155
1610156
1610157
1610158
1610159
1610161
1610162
1610166
1610167
1610168
1610169
1610171
1610172
1610174
1610175
1610176
1610177
1610180
1610182
1610183
1610184
1610186
1610189
1610190
1610191
1610193
1610194
1610196
1610200
1610201
1610203
1610205
1610206
1610207
1610208
1610209
1610210
1610211
1610213
1610214
1610215
1610216
1610217
1610218
1610221
1610224
1610226
1610227
1610229
1610230
1610231
1610233
1610234
1610235
1610238
1610239
1610240
1610242
1610244
1610245
1610247
1610248
1613166
1613187
1613188
1613189
1613192
1613194
1613196
1613197
1613199
1613200
1613209
1613210